version https://git-lfs.github.com/spec/v1
oid sha256:3c92a03b4961c89628c2c2314236e41512b5fbe269325b40d9c5f600ed4b3189
size 112089
